@=== ../input/day12
| 23408
1976
208
100
7488
48
260
1702
24
1248
13566
4602
1536
8256
11000
8
360
8
6992
8
8
12152
16206
24
578
576
8
8
4428
10260
8
8
8
11564
8
8
7644
22032
286
2204
90
42
1408
8470
8
8
216
364
24
24
20
420
10622
2576
8
8
8
20448
680
8
3328
154
8772
2632
6156
4488
8
17094
8
2436
360
8360
42
756
8
11780
8
24
8
6478
1152
8
8
8
1248
42
8
1000
10600
20988
24
72
8
24
8
1750
8
13770
24
16936
300
4788
13708
8
8
3900
8
208
966
36504
3468
140
24
8
8
8
42
24
24
8
108
260
912
8
8
840
544
35190
8
8
40076
8
24
1488
24
8
42
8
8
1512
24
7920
21360
6396
8
8
1352
8
6
2484
8
8
12444
312
8
8170
9990
8
8
42
8
90
6
8
8316
10476
24
8
196
8
280
7
1750
27300
24
5520
8
612
24
42
36
8
17568
24
8
90
24
48
14514
8
110
52962
8
2852
8
8
8
5700
4896
176
448
7728
64
4408
8
42
24
6
8
42
8
3724
24
132
24
9306
8
24
2268
10200
120
5832
42
24
2236
4828
24
2379
9990
8
272
154
10856
7920
4284
64
8
7760
8
2900
240
66554
8
90
48
3996
280
196
8
24
8
6970
8
8
8
42
8
8
14364
330
4408
8
102
8
11656
6
22500
2322
8
48
8
336
6862
10672
42
154
28704
8
5850
8
8
390
9416
8
8
4736
11562
24
4828
2028
6
8
8
216
18352
6216
8
64
9996
8
8
8
3840
24
13334
8
2480
8
8
8
108
192
392
18560
1040
2072
5304
24
13536
450
8
1560
5110
8
26248
1012
8
42
8
8
42
168
24
8
8137
23290
8
8160
480
24
168
20800
64
8
30
8
4032
24
10320
90
8
8
42
312
24
24
8
8
24
24
7140
192
1000
8
8
24
8
20
3672
8
48
8
5850
510
11956
24
8
8
7280
6320
8
2728
120
100
8
646
4760
3876
208
330
420
13200
5092
1426
8
8
8
8556
4560
15470
8
8
3774
8
42
8
420
8
8
24
9810
120
8
1248
8
8
420
8
6
42
1344
8
8
2970
8
6816
64
3600
8064
3234
100
138
42
8118
8
1632
3264
1426
8
504
3060
1334
24
3008
8
8
966
8
8
15184
8
1914
8
2842
6
8
24
8
3360
9300
8
6888
3150
216
8
1363
874
1300
8
612
924
2688
7
11340
8
8
384
8640
8
8
6
8
10260
1750
8
24
960
8
3744
48
8
18850
8
154
8
8
8
90
108
13464
8
1400
286
10062
68
9030
2378
24
4224
2842
3776
8
120
3264
8
8
6298
840
8
8
72
1150
48
8272
1000
2610
24
11960
8
9300
8
24
8
7070
8
9120
5530
8
8
12138
24
2106
8
8
7332
1344
42
28028
7956
15070
24
7224
161
1176
42
24
8
16352
10472
3456
8
3000
8
8
8
8
42
5382
48
24
14640
14550
42
24
9152
90
8
42
3300
8
8
24
2520
8
132
12852
3200
8
42
2736
320
24
8
8
2958
8
24
8
8
72
4104
2444
8
260
24
8
64
24
8
154
8
8
part1: 1402544, part2: 862486
| time: 5641954ns, 5.641954ms
